type	$	#	id	inum	rnum	s_minus	s_plus	s_mult	s_dev	s_lbp	s_rbp	s_lmp	s_rmp	s_lsp	s_rsp	s_assign	s_equal	s_bigger	s_smaller	s_notequal	s_comma	s_semi	s_int	s_real	s_void	s_while	s_if	s_else	s_read	s_write	s_return	s_call	
n_program	0	-1	-1	-1	-1	-1	-1	-1	-1	-1	-1	-1	-1	-1	-1	-1	-1	-1	-1	-1	-1	-1	0	0	-1	-1	-1	-1	-1	-1	-1	-1	
n_fun_decl_list	-1	2	-1	-1	-1	-1	-1	-1	-1	-1	-1	-1	-1	-1	-1	-1	-1	-1	-1	-1	-1	-1	1	1	-1	-1	-1	-1	-1	-1	-1	-1	
n_fun_decl	-1	-1	-1	-1	-1	-1	-1	-1	-1	-1	-1	-1	-1	-1	-1	-1	-1	-1	-1	-1	-1	-1	3	3	-1	-1	-1	-1	-1	-1	-1	-1	
n_type_f	-1	-1	-1	-1	-1	-1	-1	-1	-1	-1	-1	-1	-1	-1	-1	-1	-1	-1	-1	-1	-1	-1	4	5	-1	-1	-1	-1	-1	-1	-1	-1	
n_para_list	-1	-1	-1	-1	-1	-1	-1	-1	-1	-1	-1	-1	-1	-1	7	-1	-1	-1	-1	-1	-1	-1	6	6	-1	-1	-1	-1	-1	-1	-1	-1	
n_para_list_q	-1	-1	-1	-1	-1	-1	-1	-1	-1	-1	-1	-1	-1	-1	8	-1	-1	-1	-1	-1	9	-1	-1	-1	-1	-1	-1	-1	-1	-1	-1	-1	
n_para_dec	-1	-1	-1	-1	-1	-1	-1	-1	-1	-1	-1	-1	-1	-1	-1	-1	-1	-1	-1	-1	-1	-1	10	10	-1	-1	-1	-1	-1	-1	-1	-1	
n_type_v	-1	-1	-1	-1	-1	-1	-1	-1	-1	-1	-1	-1	-1	-1	-1	-1	-1	-1	-1	-1	-1	-1	11	12	-1	-1	-1	-1	-1	-1	-1	-1	
n_stmt_list	-1	-1	13	-1	-1	-1	-1	-1	-1	-1	14	-1	-1	-1	-1	-1	-1	-1	-1	-1	-1	-1	13	13	-1	13	13	-1	13	13	13	13	
n_stmt	-1	-1	15	-1	-1	-1	-1	-1	-1	-1	-1	-1	-1	-1	-1	-1	-1	-1	-1	-1	-1	-1	18	18	-1	22	21	-1	19	20	17	16	
n_exp_stmt	-1	-1	23	-1	-1	-1	-1	-1	-1	-1	-1	-1	-1	-1	-1	-1	-1	-1	-1	-1	-1	-1	-1	-1	-1	-1	-1	-1	-1	-1	-1	-1	
n_e	-1	-1	26	26	26	-1	-1	-1	-1	-1	-1	-1	-1	26	-1	-1	-1	-1	-1	-1	-1	-1	-1	-1	-1	-1	-1	-1	-1	-1	-1	26	
n_e_q	-1	-1	-1	-1	-1	28	29	-1	-1	-1	-1	-1	-1	-1	27	-1	-1	-1	-1	-1	-1	27	-1	-1	-1	-1	-1	-1	-1	-1	-1	-1	
n_t	-1	-1	30	30	30	-1	-1	-1	-1	-1	-1	-1	-1	30	-1	-1	-1	-1	-1	-1	-1	-1	-1	-1	-1	-1	-1	-1	-1	-1	-1	30	
n_t_q	31	-1	-1	-1	-1	31	31	33	32	-1	-1	-1	-1	-1	31	-1	-1	-1	-1	-1	-1	31	-1	-1	-1	-1	-1	-1	-1	-1	-1	-1	
n_f	-1	-1	35	35	35	-1	-1	-1	-1	-1	-1	-1	-1	34	-1	-1	-1	-1	-1	-1	-1	-1	-1	-1	-1	-1	-1	-1	-1	-1	-1	35	
n_obj	-1	-1	36	38	39	-1	-1	-1	-1	-1	-1	-1	-1	-1	-1	-1	-1	-1	-1	-1	-1	-1	-1	-1	-1	-1	-1	-1	-1	-1	-1	37	
n_call_stmt	-1	-1	-1	-1	-1	-1	-1	-1	-1	-1	-1	-1	-1	-1	-1	-1	-1	-1	-1	-1	-1	-1	-1	-1	-1	-1	-1	-1	-1	-1	-1	40	
n_real_plist	-1	-1	41	41	41	-1	-1	-1	-1	-1	-1	-1	-1	-1	42	-1	-1	-1	-1	-1	-1	-1	-1	-1	-1	-1	-1	-1	-1	-1	-1	41	
n_real_plist_q	-1	-1	-1	-1	-1	-1	-1	-1	-1	-1	-1	-1	-1	-1	44	-1	-1	-1	-1	-1	43	-1	-1	-1	-1	-1	-1	-1	-1	-1	-1	-1	
n_ret_stmt	-1	-1	-1	-1	-1	-1	-1	-1	-1	-1	-1	-1	-1	-1	-1	-1	-1	-1	-1	-1	-1	-1	-1	-1	-1	-1	-1	-1	-1	-1	45	-1	
n_decl_stmt	-1	-1	-1	-1	-1	-1	-1	-1	-1	-1	-1	-1	-1	-1	-1	-1	-1	-1	-1	-1	-1	-1	46	46	-1	-1	-1	-1	-1	-1	-1	-1	
n_dfollow	49	-1	-1	-1	-1	-1	-1	-1	-1	-1	-1	50	-1	-1	-1	-1	-1	-1	-1	-1	49	49	-1	-1	-1	-1	-1	-1	-1	-1	-1	-1	
n_read_stmt	-1	-1	-1	-1	-1	-1	-1	-1	-1	-1	-1	-1	-1	-1	-1	-1	-1	-1	-1	-1	-1	-1	-1	-1	-1	-1	-1	-1	51	-1	-1	-1	
n_write_stmt	-1	-1	-1	-1	-1	-1	-1	-1	-1	-1	-1	-1	-1	-1	-1	-1	-1	-1	-1	-1	-1	-1	-1	-1	-1	-1	-1	-1	-1	52	-1	-1	
n_if_stmt	-1	-1	-1	-1	-1	-1	-1	-1	-1	-1	-1	-1	-1	-1	-1	-1	-1	-1	-1	-1	-1	-1	-1	-1	-1	-1	53	-1	-1	-1	-1	-1	
n_else_stmt	55	-1	55	-1	-1	-1	-1	-1	-1	-1	55	-1	-1	-1	-1	-1	-1	-1	-1	-1	-1	-1	55	55	-1	55	55	54	55	55	55	55	
n_while_stmt	-1	-1	-1	-1	-1	-1	-1	-1	-1	-1	-1	-1	-1	-1	-1	-1	-1	-1	-1	-1	-1	-1	-1	-1	-1	56	-1	-1	-1	-1	-1	-1	
n_e_exp	-1	-1	57	57	57	-1	-1	-1	-1	-1	-1	-1	-1	-1	-1	-1	-1	-1	-1	-1	-1	-1	-1	-1	-1	-1	-1	-1	-1	-1	-1	57	
n_compare	-1	-1	-1	-1	-1	-1	-1	-1	-1	-1	-1	-1	-1	-1	-1	-1	58	59	60	61	-1	-1	-1	-1	-1	-1	-1	-1	-1	-1	-1	-1	
n_id_f	25	-1	-1	-1	-1	25	25	25	25	-1	-1	24	25	-1	25	25	25	25	25	25	25	25	-1	-1	-1	-1	-1	-1	-1	-1	-1	-1	
n_decl_q	-1	-1	-1	-1	-1	-1	-1	-1	-1	-1	-1	-1	-1	-1	-1	-1	-1	-1	-1	-1	47	48	-1	-1	-1	-1	-1	-1	-1	-1	-1	-1	
